neuron_i,session_i,monkey,area,trial,seq_idx,seq_rep_n,seq_pos,elem_id,rwd_trial,prev_elem,average_win_fr,average_win_spkCount,average_win_delta_spkCount
1519,33,walt,auditory,1,7,1,1,A,1,X,NaN,0,0
1519,33,walt,auditory,1,7,1,2,C,1,A,NaN,0,0
1519,33,walt,auditory,1,7,1,3,G,1,C,NaN,0,0
1519,33,walt,auditory,1,7,1,4,F,1,G,NaN,0,0
1519,33,walt,auditory,1,7,1,5,C,1,F,NaN,0,0
1519,33,walt,auditory,2,10,1,1,A,1,X,2.49376558603491,1,0
1519,33,walt,auditory,2,10,1,2,C,1,A,2.6533702965748,1,0
1519,33,walt,auditory,2,10,1,3,D,1,C,0,0,-1
1519,33,walt,auditory,2,10,1,4,F,1,D,2.49376558603491,1,0
1519,33,walt,auditory,2,10,1,5,C,1,F,2.49376558603491,1,0
1519,33,walt,auditory,3,3,1,1,A,0,X,0,0,0
1519,33,walt,auditory,3,3,1,2,C,0,A,0,0,0
1519,33,walt,auditory,3,3,1,3,G,0,C,2.49376558603491,1,1
1519,33,walt,auditory,3,3,1,4,F,0,G,4.98753117206983,2,2
1519,33,walt,auditory,3,3,1,5,C,0,F,2.49376558603491,1,1
1519,33,walt,auditory,4,12,1,1,A,0,X,4.98753117206983,2,0
1519,33,walt,auditory,4,12,1,2,F,0,A,0,0,-2
1519,33,walt,auditory,4,12,1,3,C,0,F,0,0,-2
1519,33,walt,auditory,4,12,1,4,G,0,C,0,0,-2
1519,33,walt,auditory,4,12,1,5,C,0,G,0,0,-2
1519,33,walt,auditory,5,2,1,1,A,1,X,0,0,0
1519,33,walt,auditory,5,2,1,2,D,1,A,0,0,0
1519,33,walt,auditory,5,2,1,3,C,1,D,2.49376558603491,1,1
1519,33,walt,auditory,5,2,1,4,F,1,C,0,0,0
1519,33,walt,auditory,5,2,1,5,C,1,F,2.49376558603491,1,1
1519,33,walt,auditory,6,6,1,1,A,1,X,0,0,0
1519,33,walt,auditory,6,6,1,2,D,1,A,0,0,0
1519,33,walt,auditory,6,6,1,3,C,1,D,4.98753117206983,2,2
1519,33,walt,auditory,6,6,1,4,F,1,C,0.46563052444525,1,1
1519,33,walt,auditory,6,6,1,5,C,1,F,0,0,0
1519,33,walt,auditory,7,13,1,1,A,1,X,0,0,0
1519,33,walt,auditory,7,13,1,2,D,1,A,2.49376558603491,1,1
1519,33,walt,auditory,7,13,1,3,F,1,D,0,0,0
1519,33,walt,auditory,7,13,1,4,C,1,F,0,0,0
1519,33,walt,auditory,7,13,1,5,G,1,C,2.49376558603491,1,1
1519,33,walt,auditory,8,4,1,1,A,1,X,0,0,0
1519,33,walt,auditory,8,4,1,2,D,1,A,0,0,0
1519,33,walt,auditory,8,4,1,3,C,1,D,2.49376558603491,1,1
1519,33,walt,auditory,8,4,1,4,G,1,C,0,0,0
1519,33,walt,auditory,8,4,1,5,F,1,G,2.49376558603491,1,1
1519,33,walt,auditory,9,9,1,1,A,0,X,0,0,0
1519,33,walt,auditory,9,9,1,2,G,0,A,4.98753117206982,2,2
1519,33,walt,auditory,9,9,1,3,F,0,G,2.49376558603491,1,1
1519,33,walt,auditory,9,9,1,4,C,0,F,2.49376558603491,1,1
1519,33,walt,auditory,9,9,1,5,D,0,C,0,0,0
1519,33,walt,auditory,10,15,1,1,A,0,X,0,0,0
1519,33,walt,auditory,10,15,1,2,C,0,A,0,0,0
1519,33,walt,auditory,10,15,1,3,F,0,C,0,0,0
1519,33,walt,auditory,10,15,1,4,C,0,F,0,0,0
1519,33,walt,auditory,10,15,1,5,F,0,C,4.98753117206983,2,2
1519,33,walt,auditory,11,11,1,1,A,0,X,2.49376558603491,1,0
1519,33,walt,auditory,11,11,1,2,G,0,A,0,0,-1
1519,33,walt,auditory,11,11,1,3,C,0,G,0,0,-1
1519,33,walt,auditory,11,11,1,4,F,0,C,2.49376558603491,1,0
1519,33,walt,auditory,11,11,1,5,C,0,F,0,0,-1
1519,33,walt,auditory,12,1,1,1,A,0,X,2.49376558603491,1,0
1519,33,walt,auditory,12,1,1,2,C,0,A,2.49376558603491,1,0
1519,33,walt,auditory,12,1,1,3,F,0,C,2.49376558603491,1,0
1519,33,walt,auditory,12,1,1,4,C,0,F,0,0,-1
1519,33,walt,auditory,12,1,1,5,G,0,C,2.49376558603491,1,0
1519,33,walt,auditory,13,16,1,1,A,0,X,0,0,0
1519,33,walt,auditory,13,16,1,2,D,0,A,2.49376558603491,1,1
1519,33,walt,auditory,13,16,1,3,C,0,D,0,0,0
1519,33,walt,auditory,13,16,1,4,G,0,C,2.49376558603491,1,1
1519,33,walt,auditory,13,16,1,5,C,0,G,2.49376558603491,1,1
1519,33,walt,auditory,14,14,1,1,A,0,X,0,0,0
1519,33,walt,auditory,14,14,1,2,D,0,A,2.49376558603491,1,1
1519,33,walt,auditory,14,14,1,3,G,0,D,0,0,0
1519,33,walt,auditory,14,14,1,4,F,0,G,0,0,0
1519,33,walt,auditory,14,14,1,5,C,0,F,0,0,0
1519,33,walt,auditory,15,8,1,1,A,1,X,0,0,0
1519,33,walt,auditory,15,8,1,2,D,1,A,2.49376558603491,1,1
1519,33,walt,auditory,15,8,1,3,C,1,D,0,0,0
1519,33,walt,auditory,15,8,1,4,G,1,C,0,0,0
1519,33,walt,auditory,15,8,1,5,F,1,G,0,0,0
1519,33,walt,auditory,16,5,1,1,A,1,X,2.49376558603491,1,0
1519,33,walt,auditory,16,5,1,2,C,1,A,0,0,-1
1519,33,walt,auditory,16,5,1,3,F,1,C,2.49376558603491,1,0
1519,33,walt,auditory,16,5,1,4,C,1,F,0,0,-1
1519,33,walt,auditory,16,5,1,5,G,1,C,2.49376558603491,1,0
1519,33,walt,auditory,17,16,2,1,A,1,X,0,0,0
1519,33,walt,auditory,17,16,2,2,D,1,A,0,0,0
1519,33,walt,auditory,17,16,2,3,C,1,D,0,0,0
1519,33,walt,auditory,17,16,2,4,G,1,C,0,0,0
1519,33,walt,auditory,17,16,2,5,C,1,G,2.49376558603491,1,1
1519,33,walt,auditory,18,8,2,1,A,1,X,0,0,0
1519,33,walt,auditory,18,8,2,2,D,1,A,9.97506234413965,4,4
1519,33,walt,auditory,18,8,2,3,C,1,D,2.49376558603491,1,1
1519,33,walt,auditory,18,8,2,4,G,1,C,2.49376558603491,1,1
1519,33,walt,auditory,18,8,2,5,F,1,G,4.98753117206983,2,2
1519,33,walt,auditory,19,5,2,1,A,0,X,4.98753117206982,2,0
1519,33,walt,auditory,19,5,2,2,C,0,A,0,0,-2
1519,33,walt,auditory,19,5,2,3,F,0,C,0,0,-2
1519,33,walt,auditory,19,5,2,4,C,0,F,0,0,-2
1519,33,walt,auditory,19,5,2,5,G,0,C,0,0,-2
1519,33,walt,auditory,20,4,2,1,A,0,X,0,0,0
1519,33,walt,auditory,20,4,2,2,D,0,A,7.48129675810474,2,2
1519,33,walt,auditory,20,4,2,3,C,0,D,0,0,0
1519,33,walt,auditory,20,4,2,4,G,0,C,0,0,0
1519,33,walt,auditory,20,4,2,5,F,0,G,2.49376558603491,1,1
1519,33,walt,auditory,21,10,2,1,A,0,X,0,0,0
1519,33,walt,auditory,21,10,2,2,C,0,A,4.98753117206983,2,2
1519,33,walt,auditory,21,10,2,3,D,0,C,2.49376558603491,1,1
1519,33,walt,auditory,21,10,2,4,F,0,D,2.49376558603491,1,1
1519,33,walt,auditory,21,10,2,5,C,0,F,2.49376558603491,1,1
1519,33,walt,auditory,22,2,2,1,A,0,X,2.49376558603491,1,0
1519,33,walt,auditory,22,2,2,2,D,0,A,0,0,-1
1519,33,walt,auditory,22,2,2,3,C,0,D,0,0,-1
1519,33,walt,auditory,22,2,2,4,F,0,C,2.49376558603491,1,0
1519,33,walt,auditory,22,2,2,5,C,0,F,0.530936783815944,0,-1
1519,33,walt,auditory,23,11,2,1,A,0,X,0,0,0
1519,33,walt,auditory,23,11,2,2,G,0,A,0,0,0
1519,33,walt,auditory,23,11,2,3,C,0,G,0,0,0
1519,33,walt,auditory,23,11,2,4,F,0,C,0,0,0
1519,33,walt,auditory,23,11,2,5,C,0,F,0,0,0
1519,33,walt,auditory,24,12,2,1,A,0,X,0,0,0
1519,33,walt,auditory,24,12,2,2,F,0,A,2.49376558603491,1,1
1519,33,walt,auditory,24,12,2,3,C,0,F,5.62349729419259,2,2
1519,33,walt,auditory,24,12,2,4,G,0,C,0,0,0
1519,33,walt,auditory,24,12,2,5,C,0,G,0,0,0
1519,33,walt,auditory,25,1,2,1,A,1,X,0,0,0
1519,33,walt,auditory,25,1,2,2,C,1,A,0,0,0
1519,33,walt,auditory,25,1,2,3,F,1,C,2.49376558603491,1,1
1519,33,walt,auditory,25,1,2,4,C,1,F,2.49376558603491,1,1
1519,33,walt,auditory,25,1,2,5,G,1,C,4.98753117206982,2,2
1519,33,walt,auditory,26,1,3,1,A,0,X,NaN,NaN,NaN
1519,33,walt,auditory,26,1,3,2,C,0,A,NaN,NaN,NaN
1519,33,walt,auditory,26,1,3,3,F,0,C,NaN,NaN,NaN
1519,33,walt,auditory,26,1,3,4,C,0,F,NaN,NaN,NaN
1519,33,walt,auditory,26,1,3,5,G,0,C,NaN,NaN,NaN
1519,33,walt,auditory,27,13,2,1,A,1,X,0,0,0
1519,33,walt,auditory,27,13,2,2,D,1,A,0,0,0
1519,33,walt,auditory,27,13,2,3,F,1,D,0,0,0
1519,33,walt,auditory,27,13,2,4,C,1,F,0,0,0
1519,33,walt,auditory,27,13,2,5,G,1,C,2.49376558603491,1,1
1519,33,walt,auditory,28,3,2,1,A,1,X,2.49376558603491,1,0
1519,33,walt,auditory,28,3,2,2,C,1,A,0,0,-1
1519,33,walt,auditory,28,3,2,3,G,1,C,0,0,-1
1519,33,walt,auditory,28,3,2,4,F,1,G,0,0,-1
1519,33,walt,auditory,28,3,2,5,C,1,F,0,0,-1
1519,33,walt,auditory,29,14,2,1,A,1,X,0,0,0
1519,33,walt,auditory,29,14,2,2,D,1,A,0,0,0
1519,33,walt,auditory,29,14,2,3,G,1,D,2.49376558603491,1,1
1519,33,walt,auditory,29,14,2,4,F,1,G,0,0,0
1519,33,walt,auditory,29,14,2,5,C,1,F,2.49376558603491,1,1
1519,33,walt,auditory,30,7,2,1,A,0,X,0,0,0
1519,33,walt,auditory,30,7,2,2,C,0,A,0,0,0
1519,33,walt,auditory,30,7,2,3,G,0,C,0,0,0
1519,33,walt,auditory,30,7,2,4,F,0,G,0,0,0
1519,33,walt,auditory,30,7,2,5,C,0,F,0,0,0
1519,33,walt,auditory,31,6,2,1,A,0,X,2.49376558603491,1,0
1519,33,walt,auditory,31,6,2,2,D,0,A,0,1,0
1519,33,walt,auditory,31,6,2,3,C,0,D,0,0,-1
1519,33,walt,auditory,31,6,2,4,F,0,C,0,0,-1
1519,33,walt,auditory,31,6,2,5,C,0,F,2.49376558603491,1,0
1519,33,walt,auditory,32,9,2,1,A,0,X,2.49376558603491,1,0
1519,33,walt,auditory,32,9,2,2,G,0,A,0,0,-1
1519,33,walt,auditory,32,9,2,3,F,0,G,0,0,-1
1519,33,walt,auditory,32,9,2,4,C,0,F,4.00305140135468,2,1
1519,33,walt,auditory,32,9,2,5,D,0,C,0,0,-1
1519,33,walt,auditory,33,7,3,1,A,0,X,2.78641690734823,2,0
1519,33,walt,auditory,33,7,3,2,C,0,A,4.98753117206983,2,0
1519,33,walt,auditory,33,7,3,3,G,0,C,0,0,-2
1519,33,walt,auditory,33,7,3,4,F,0,G,0,0,-2
1519,33,walt,auditory,33,7,3,5,C,0,F,2.49376558603491,1,-1
1519,33,walt,auditory,34,12,3,1,A,0,X,0,0,0
1519,33,walt,auditory,34,12,3,2,F,0,A,0,0,0
1519,33,walt,auditory,34,12,3,3,C,0,F,0,0,0
1519,33,walt,auditory,34,12,3,4,G,0,C,0,0,0
1519,33,walt,auditory,34,12,3,5,C,0,G,0,0,0
1519,33,walt,auditory,35,9,3,1,A,0,X,0,0,0
1519,33,walt,auditory,35,9,3,2,G,0,A,0,0,0
1519,33,walt,auditory,35,9,3,3,F,0,G,2.49376558603491,1,1
1519,33,walt,auditory,35,9,3,4,C,0,F,0,0,0
1519,33,walt,auditory,35,9,3,5,D,0,C,0,0,0
1519,33,walt,auditory,36,4,3,1,A,0,X,0,0,0
1519,33,walt,auditory,36,4,3,2,D,0,A,0,0,0
1519,33,walt,auditory,36,4,3,3,C,0,D,0,0,0
1519,33,walt,auditory,36,4,3,4,G,0,C,2.49376558603491,1,1
1519,33,walt,auditory,36,4,3,5,F,0,G,0,0,0
1519,33,walt,auditory,37,3,3,1,A,0,X,0,0,0
1519,33,walt,auditory,37,3,3,2,C,0,A,0,0,0
1519,33,walt,auditory,37,3,3,3,G,0,C,0,0,0
1519,33,walt,auditory,37,3,3,4,F,0,G,0,0,0
1519,33,walt,auditory,37,3,3,5,C,0,F,0,0,0
1519,33,walt,auditory,38,5,3,1,A,1,X,2.49376558603491,1,0
1519,33,walt,auditory,38,5,3,2,C,1,A,7.48129675810474,3,2
1519,33,walt,auditory,38,5,3,3,F,1,C,9.97506234413965,4,3
1519,33,walt,auditory,38,5,3,4,C,1,F,0,0,-1
1519,33,walt,auditory,38,5,3,5,G,1,C,0,0,-1
1519,33,walt,auditory,39,6,3,1,A,1,X,9.97506234413965,4,0
1519,33,walt,auditory,39,6,3,2,D,1,A,2.49376558603491,1,-3
1519,33,walt,auditory,39,6,3,3,C,1,D,0,0,-4
1519,33,walt,auditory,39,6,3,4,F,1,C,0,0,-4
1519,33,walt,auditory,39,6,3,5,C,1,F,0,0,-4
1519,33,walt,auditory,40,1,4,1,A,0,X,0,0,0
1519,33,walt,auditory,40,1,4,2,C,0,A,0,0,0
1519,33,walt,auditory,40,1,4,3,F,0,C,4.98753117206982,2,2
1519,33,walt,auditory,40,1,4,4,C,0,F,0,0,0
1519,33,walt,auditory,40,1,4,5,G,0,C,0,0,0
1519,33,walt,auditory,41,8,3,1,A,0,X,0,0,0
1519,33,walt,auditory,41,8,3,2,D,0,A,0,0,0
1519,33,walt,auditory,41,8,3,3,C,0,D,4.98753117206983,2,2
1519,33,walt,auditory,41,8,3,4,G,0,C,0,0,0
1519,33,walt,auditory,41,8,3,5,F,0,G,0,0,0
1519,33,walt,auditory,42,1,5,1,A,0,X,NaN,NaN,NaN
1519,33,walt,auditory,42,1,5,2,C,0,A,NaN,NaN,NaN
1519,33,walt,auditory,42,1,5,3,F,0,C,NaN,NaN,NaN
1519,33,walt,auditory,42,1,5,4,C,0,F,NaN,NaN,NaN
1519,33,walt,auditory,42,1,5,5,G,0,C,NaN,NaN,NaN
1519,33,walt,auditory,43,2,3,1,A,0,X,0,0,0
1519,33,walt,auditory,43,2,3,2,D,0,A,4.98753117206983,2,2
1519,33,walt,auditory,43,2,3,3,C,0,D,2.49376558603491,1,1
1519,33,walt,auditory,43,2,3,4,F,0,C,0,0,0
1519,33,walt,auditory,43,2,3,5,C,0,F,0,0,0
1519,33,walt,auditory,44,15,2,1,A,0,X,0,0,0
1519,33,walt,auditory,44,15,2,2,C,0,A,0,0,0
1519,33,walt,auditory,44,15,2,3,F,0,C,0,0,0
1519,33,walt,auditory,44,15,2,4,C,0,F,0,0,0
1519,33,walt,auditory,44,15,2,5,F,0,C,0,0,0
1519,33,walt,auditory,45,11,3,1,A,0,X,0,0,0
1519,33,walt,auditory,45,11,3,2,G,0,A,0,0,0
1519,33,walt,auditory,45,11,3,3,C,0,G,0,0,0
1519,33,walt,auditory,45,11,3,4,F,0,C,0,0,0
1519,33,walt,auditory,45,11,3,5,C,0,F,0,0,0
1519,33,walt,auditory,46,10,3,1,A,0,X,0,0,0
1519,33,walt,auditory,46,10,3,2,C,0,A,0,0,0
1519,33,walt,auditory,46,10,3,3,D,0,C,2.49376558603491,1,1
1519,33,walt,auditory,46,10,3,4,F,0,D,4.98753117206983,2,2
1519,33,walt,auditory,46,10,3,5,C,0,F,0,0,0
1519,33,walt,auditory,47,14,3,1,A,0,X,4.98753117206982,2,0
1519,33,walt,auditory,47,14,3,2,D,0,A,2.49376558603491,1,-1
1519,33,walt,auditory,47,14,3,3,G,0,D,4.98753117206983,2,0
1519,33,walt,auditory,47,14,3,4,F,0,G,0,0,-2
1519,33,walt,auditory,47,14,3,5,C,0,F,0,0,-2
1519,33,walt,auditory,48,13,3,1,A,1,X,0,0,0
1519,33,walt,auditory,48,13,3,2,D,1,A,0,0,0
1519,33,walt,auditory,48,13,3,3,F,1,D,0,0,0
1519,33,walt,auditory,48,13,3,4,C,1,F,0,0,0
1519,33,walt,auditory,48,13,3,5,G,1,C,0,0,0
1519,33,walt,auditory,49,7,4,1,A,1,X,0,0,0
1519,33,walt,auditory,49,7,4,2,C,1,A,0,0,0
1519,33,walt,auditory,49,7,4,3,G,1,C,0,0,0
1519,33,walt,auditory,49,7,4,4,F,1,G,0,0,0
1519,33,walt,auditory,49,7,4,5,C,1,F,0,0,0
1519,33,walt,auditory,50,5,4,1,A,1,X,2.49376558603491,1,0
1519,33,walt,auditory,50,5,4,2,C,1,A,7.48129675810474,3,2
1519,33,walt,auditory,50,5,4,3,F,1,C,0,0,-1
1519,33,walt,auditory,50,5,4,4,C,1,F,0,0,-1
1519,33,walt,auditory,50,5,4,5,G,1,C,2.49376558603491,1,0
1519,33,walt,auditory,51,16,3,1,A,1,X,0,0,0
1519,33,walt,auditory,51,16,3,2,D,1,A,0,0,0
1519,33,walt,auditory,51,16,3,3,C,1,D,0,0,0
1519,33,walt,auditory,51,16,3,4,G,1,C,0,0,0
1519,33,walt,auditory,51,16,3,5,C,1,G,0,0,0
1519,33,walt,auditory,52,13,4,1,A,1,X,0,0,0
1519,33,walt,auditory,52,13,4,2,D,1,A,0,0,0
1519,33,walt,auditory,52,13,4,3,F,1,D,0,0,0
1519,33,walt,auditory,52,13,4,4,C,1,F,0,0,0
1519,33,walt,auditory,52,13,4,5,G,1,C,0,0,0
1519,33,walt,auditory,53,9,4,1,A,0,X,2.49376558603491,1,0
1519,33,walt,auditory,53,9,4,2,G,0,A,2.49376558603491,1,0
1519,33,walt,auditory,53,9,4,3,F,0,G,0,0,-1
1519,33,walt,auditory,53,9,4,4,C,0,F,0,0,-1
1519,33,walt,auditory,53,9,4,5,D,0,C,0,0,-1
1519,33,walt,auditory,54,14,4,1,A,0,X,0,0,0
1519,33,walt,auditory,54,14,4,2,D,0,A,0,0,0
1519,33,walt,auditory,54,14,4,3,G,0,D,3.59820285123692,2,2
1519,33,walt,auditory,54,14,4,4,F,0,G,0,0,0
1519,33,walt,auditory,54,14,4,5,C,0,F,2.49376558603491,1,1
1519,33,walt,auditory,55,8,4,1,A,0,X,0,0,0
1519,33,walt,auditory,55,8,4,2,D,0,A,2.49376558603491,1,1
1519,33,walt,auditory,55,8,4,3,C,0,D,0,0,0
1519,33,walt,auditory,55,8,4,4,G,0,C,0,0,0
1519,33,walt,auditory,55,8,4,5,F,0,G,0,0,0
1519,33,walt,auditory,56,1,6,1,A,0,X,0,0,0
1519,33,walt,auditory,56,1,6,2,C,0,A,0,0,0
1519,33,walt,auditory,56,1,6,3,F,0,C,0,0,0
1519,33,walt,auditory,56,1,6,4,C,0,F,0,0,0
1519,33,walt,auditory,56,1,6,5,G,0,C,2.49376558603491,1,1
1519,33,walt,auditory,57,6,4,1,A,0,X,2.49376558603491,1,0
1519,33,walt,auditory,57,6,4,2,D,0,A,0,0,-1
1519,33,walt,auditory,57,6,4,3,C,0,D,0,0,-1
1519,33,walt,auditory,57,6,4,4,F,0,C,2.49376558603491,1,0
1519,33,walt,auditory,57,6,4,5,C,0,F,0,0,-1
1519,33,walt,auditory,58,10,4,1,A,0,X,0,0,0
1519,33,walt,auditory,58,10,4,2,C,0,A,4.98753117206982,2,2
1519,33,walt,auditory,58,10,4,3,D,0,C,2.49376558603491,1,1
1519,33,walt,auditory,58,10,4,4,F,0,D,2.49376558603491,1,1
1519,33,walt,auditory,58,10,4,5,C,0,F,9.97506234413965,4,4
1519,33,walt,auditory,59,15,3,1,A,0,X,4.98753117206983,2,0
1519,33,walt,auditory,59,15,3,2,C,0,A,0,0,-2
1519,33,walt,auditory,59,15,3,3,F,0,C,2.49376558603491,1,-1
1519,33,walt,auditory,59,15,3,4,C,0,F,0,0,-2
1519,33,walt,auditory,59,15,3,5,F,0,C,0,0,-2
1519,33,walt,auditory,60,4,4,1,A,0,X,0,0,0
1519,33,walt,auditory,60,4,4,2,D,0,A,0,0,0
1519,33,walt,auditory,60,4,4,3,C,0,D,0,0,0
1519,33,walt,auditory,60,4,4,4,G,0,C,4.98753117206983,2,2
1519,33,walt,auditory,60,4,4,5,F,0,G,2.49376558603491,1,1
1519,33,walt,auditory,61,11,4,1,A,1,X,9.97506234413965,4,0
1519,33,walt,auditory,61,11,4,2,G,1,A,7.48129675810474,3,-1
1519,33,walt,auditory,61,11,4,3,C,1,G,4.98753117206983,2,-2
1519,33,walt,auditory,61,11,4,4,F,1,C,7.48129675810474,3,-1
1519,33,walt,auditory,61,11,4,5,C,1,F,7.48129675810474,3,-1
1519,33,walt,auditory,62,2,4,1,A,1,X,0,0,0
1519,33,walt,auditory,62,2,4,2,D,1,A,2.49376558603491,1,1
1519,33,walt,auditory,62,2,4,3,C,1,D,0,0,0
1519,33,walt,auditory,62,2,4,4,F,1,C,0,0,0
1519,33,walt,auditory,62,2,4,5,C,1,F,0,0,0
1519,33,walt,auditory,63,3,4,1,A,1,X,0,0,0
1519,33,walt,auditory,63,3,4,2,C,1,A,0,0,0
1519,33,walt,auditory,63,3,4,3,G,1,C,0,0,0
1519,33,walt,auditory,63,3,4,4,F,1,G,7.48129675810474,3,3
1519,33,walt,auditory,63,3,4,5,C,1,F,0,0,0
1519,33,walt,auditory,64,12,4,1,A,1,X,2.49376558603491,1,0
1519,33,walt,auditory,64,12,4,2,F,1,A,0,0,-1
1519,33,walt,auditory,64,12,4,3,C,1,F,0,0,-1
1519,33,walt,auditory,64,12,4,4,G,1,C,0,0,-1
1519,33,walt,auditory,64,12,4,5,C,1,G,0,0,-1
1519,33,walt,auditory,65,7,5,1,A,0,X,0,0,0
1519,33,walt,auditory,65,7,5,2,C,0,A,2.49376558603491,1,1
1519,33,walt,auditory,65,7,5,3,G,0,C,0,0,0
1519,33,walt,auditory,65,7,5,4,F,0,G,0,0,0
1519,33,walt,auditory,65,7,5,5,C,0,F,9.97506234413965,4,4
1519,33,walt,auditory,66,14,5,1,A,0,X,0,0,0
1519,33,walt,auditory,66,14,5,2,D,0,A,0,0,0
1519,33,walt,auditory,66,14,5,3,G,0,D,2.49376558603491,1,1
1519,33,walt,auditory,66,14,5,4,F,0,G,0,0,0
1519,33,walt,auditory,66,14,5,5,C,0,F,0,0,0
1519,33,walt,auditory,67,3,5,1,A,0,X,7.48129675810474,3,0
1519,33,walt,auditory,67,3,5,2,C,0,A,2.49376558603491,1,-2
1519,33,walt,auditory,67,3,5,3,G,0,C,0,0,-3
1519,33,walt,auditory,67,3,5,4,F,0,G,2.49376558603491,1,-2
1519,33,walt,auditory,67,3,5,5,C,0,F,0,0,-3
1519,33,walt,auditory,68,13,5,1,A,0,X,0,0,0
1519,33,walt,auditory,68,13,5,2,D,0,A,4.98753117206982,2,2
1519,33,walt,auditory,68,13,5,3,F,0,D,0,0,0
1519,33,walt,auditory,68,13,5,4,C,0,F,0,0,0
1519,33,walt,auditory,68,13,5,5,G,0,C,9.97506234413965,4,4
1519,33,walt,auditory,69,2,5,1,A,0,X,2.49376558603491,1,0
1519,33,walt,auditory,69,2,5,2,D,0,A,0,0,-1
1519,33,walt,auditory,69,2,5,3,C,0,D,0,0,-1
1519,33,walt,auditory,69,2,5,4,F,0,C,6.73491648610869,3,2
1519,33,walt,auditory,69,2,5,5,C,0,F,0,0,-1
1519,33,walt,auditory,70,1,7,1,A,0,X,NaN,NaN,NaN
1519,33,walt,auditory,70,1,7,2,C,0,A,NaN,NaN,NaN
1519,33,walt,auditory,70,1,7,3,F,0,C,NaN,NaN,NaN
1519,33,walt,auditory,70,1,7,4,C,0,F,NaN,NaN,NaN
1519,33,walt,auditory,70,1,7,5,G,0,C,NaN,NaN,NaN
1519,33,walt,auditory,71,12,5,1,A,1,X,2.49376558603491,1,0
1519,33,walt,auditory,71,12,5,2,F,1,A,0,0,-1
1519,33,walt,auditory,71,12,5,3,C,1,F,0,0,-1
1519,33,walt,auditory,71,12,5,4,G,1,C,0,0,-1
1519,33,walt,auditory,71,12,5,5,C,1,G,2.49376558603491,1,0
1519,33,walt,auditory,72,15,4,1,A,1,X,2.49376558603491,1,0
1519,33,walt,auditory,72,15,4,2,C,1,A,0,0,-1
1519,33,walt,auditory,72,15,4,3,F,1,C,0,0,-1
1519,33,walt,auditory,72,15,4,4,C,1,F,0,0,-1
1519,33,walt,auditory,72,15,4,5,F,1,C,0,0,-1
1519,33,walt,auditory,73,16,4,1,A,1,X,3.1283937232414,2,0
1519,33,walt,auditory,73,16,4,2,D,1,A,2.49376558603491,1,-1
1519,33,walt,auditory,73,16,4,3,C,1,D,0,0,-2
1519,33,walt,auditory,73,16,4,4,G,1,C,0,0,-2
1519,33,walt,auditory,73,16,4,5,C,1,G,0,0,-2
1519,33,walt,auditory,74,8,5,1,A,1,X,0,0,0
1519,33,walt,auditory,74,8,5,2,D,1,A,0,0,0
1519,33,walt,auditory,74,8,5,3,C,1,D,3.12938874474849,2,2
1519,33,walt,auditory,74,8,5,4,G,1,C,2.49376558603491,1,1
1519,33,walt,auditory,74,8,5,5,F,1,G,0,0,0
1519,33,walt,auditory,75,1,8,1,A,0,X,0,0,0
1519,33,walt,auditory,75,1,8,2,C,0,A,2.49376558603491,1,1
1519,33,walt,auditory,75,1,8,3,F,0,C,0,0,0
1519,33,walt,auditory,75,1,8,4,C,0,F,0,0,0
1519,33,walt,auditory,75,1,8,5,G,0,C,0,0,0
1519,33,walt,auditory,76,9,5,1,A,0,X,2.49376558603491,1,0
1519,33,walt,auditory,76,9,5,2,G,0,A,9.97506234413965,4,3
1519,33,walt,auditory,76,9,5,3,F,0,G,7.48129675810474,3,2
1519,33,walt,auditory,76,9,5,4,C,0,F,0,0,-1
1519,33,walt,auditory,76,9,5,5,D,0,C,4.98753117206983,2,1
1519,33,walt,auditory,77,4,5,1,A,1,X,2.49376558603491,1,0
1519,33,walt,auditory,77,4,5,2,D,1,A,9.97506234413965,4,3
1519,33,walt,auditory,77,4,5,3,C,1,D,4.98753117206983,2,1
1519,33,walt,auditory,77,4,5,4,G,1,C,2.49376558603491,1,0
1519,33,walt,auditory,77,4,5,5,F,1,G,4.98753117206983,2,1
1519,33,walt,auditory,78,11,5,1,A,1,X,0,0,0
1519,33,walt,auditory,78,11,5,2,G,1,A,0,0,0
1519,33,walt,auditory,78,11,5,3,C,1,G,0,0,0
1519,33,walt,auditory,78,11,5,4,F,1,C,0,0,0
1519,33,walt,auditory,78,11,5,5,C,1,F,0,0,0
1519,33,walt,auditory,79,5,5,1,A,1,X,0,0,0
1519,33,walt,auditory,79,5,5,2,C,1,A,0,0,0
1519,33,walt,auditory,79,5,5,3,F,1,C,4.98753117206983,2,2
1519,33,walt,auditory,79,5,5,4,C,1,F,2.49376558603491,1,1
1519,33,walt,auditory,79,5,5,5,G,1,C,0,0,0
1519,33,walt,auditory,80,6,5,1,A,0,X,2.49376558603491,1,0
1519,33,walt,auditory,80,6,5,2,D,0,A,0,0,-1
1519,33,walt,auditory,80,6,5,3,C,0,D,9.97506234413965,4,3
1519,33,walt,auditory,80,6,5,4,F,0,C,0,0,-1
1519,33,walt,auditory,80,6,5,5,C,0,F,2.49376558603491,1,0
1519,33,walt,auditory,81,3,6,1,A,0,X,7.48129675810474,3,0
1519,33,walt,auditory,81,3,6,2,C,0,A,2.49376558603491,1,-2
1519,33,walt,auditory,81,3,6,3,G,0,C,0,0,-3
1519,33,walt,auditory,81,3,6,4,F,0,G,0,0,-3
1519,33,walt,auditory,81,3,6,5,C,0,F,14.4316567323935,6,3
1519,33,walt,auditory,82,12,6,1,A,1,X,4.98753117206982,2,0
1519,33,walt,auditory,82,12,6,2,F,1,A,0,0,-2
1519,33,walt,auditory,82,12,6,3,C,1,F,2.49376558603491,1,-1
1519,33,walt,auditory,82,12,6,4,G,1,C,4.98753117206983,2,0
1519,33,walt,auditory,82,12,6,5,C,1,G,0,0,-2
1519,33,walt,auditory,83,4,6,1,A,0,X,0,0,0
1519,33,walt,auditory,83,4,6,2,D,0,A,0,0,0
1519,33,walt,auditory,83,4,6,3,C,0,D,4.98753117206983,2,2
1519,33,walt,auditory,83,4,6,4,G,0,C,0,0,0
1519,33,walt,auditory,83,4,6,5,F,0,G,2.49376558603491,1,1
1519,33,walt,auditory,84,2,6,1,A,1,X,0,0,0
1519,33,walt,auditory,84,2,6,2,D,1,A,2.49376558603491,1,1
1519,33,walt,auditory,84,2,6,3,C,1,D,0,0,0
1519,33,walt,auditory,84,2,6,4,F,1,C,4.98753117206982,2,2
1519,33,walt,auditory,84,2,6,5,C,1,F,0,0,0
1519,33,walt,auditory,85,7,6,1,A,1,X,0,0,0
1519,33,walt,auditory,85,7,6,2,C,1,A,2.49376558603491,1,1
1519,33,walt,auditory,85,7,6,3,G,1,C,2.49376558603491,1,1
1519,33,walt,auditory,85,7,6,4,F,1,G,2.49376558603491,1,1
1519,33,walt,auditory,85,7,6,5,C,1,F,0,0,0
1519,33,walt,auditory,86,5,6,1,A,1,X,0,0,0
1519,33,walt,auditory,86,5,6,2,C,1,A,0,0,0
1519,33,walt,auditory,86,5,6,3,F,1,C,0,0,0
1519,33,walt,auditory,86,5,6,4,C,1,F,0,0,0
1519,33,walt,auditory,86,5,6,5,G,1,C,0,0,0
1519,33,walt,auditory,87,15,5,1,A,1,X,0,0,0
1519,33,walt,auditory,87,15,5,2,C,1,A,2.49376558603491,1,1
1519,33,walt,auditory,87,15,5,3,F,1,C,1.96282880221897,1,1
1519,33,walt,auditory,87,15,5,4,C,1,F,0,0,0
1519,33,walt,auditory,87,15,5,5,F,1,C,0,0,0
1519,33,walt,auditory,88,1,9,1,A,0,X,0,0,0
1519,33,walt,auditory,88,1,9,2,C,0,A,0,0,0
1519,33,walt,auditory,88,1,9,3,F,0,C,2.49376558603491,1,1
1519,33,walt,auditory,88,1,9,4,C,0,F,0,0,0
1519,33,walt,auditory,88,1,9,5,G,0,C,0,0,0
1519,33,walt,auditory,89,10,5,1,A,0,X,0,0,0
1519,33,walt,auditory,89,10,5,2,C,0,A,2.49376558603491,1,1
1519,33,walt,auditory,89,10,5,3,D,0,C,0,0,0
1519,33,walt,auditory,89,10,5,4,F,0,D,2.49376558603491,1,1
1519,33,walt,auditory,89,10,5,5,C,0,F,0,0,0
1519,33,walt,auditory,90,9,6,1,A,0,X,0,0,0
1519,33,walt,auditory,90,9,6,2,G,0,A,2.49376558603491,1,1
1519,33,walt,auditory,90,9,6,3,F,0,G,2.49376558603491,1,1
1519,33,walt,auditory,90,9,6,4,C,0,F,2.49376558603491,1,1
1519,33,walt,auditory,90,9,6,5,D,0,C,0,0,0
1519,33,walt,auditory,91,14,6,1,A,0,X,14.9625935162095,6,0
1519,33,walt,auditory,91,14,6,2,D,0,A,7.48129675810474,3,-3
1519,33,walt,auditory,91,14,6,3,G,0,D,10.7508293088169,4,-2
1519,33,walt,auditory,91,14,6,4,F,0,G,21.3394530091122,8,2
1519,33,walt,auditory,91,14,6,5,C,0,F,0,0,-6
1519,33,walt,auditory,92,13,6,1,A,0,X,0,0,0
1519,33,walt,auditory,92,13,6,2,D,0,A,9.97506234413965,4,4
1519,33,walt,auditory,92,13,6,3,F,0,D,2.49376558603491,1,1
1519,33,walt,auditory,92,13,6,4,C,0,F,4.98753117206982,2,2
1519,33,walt,auditory,92,13,6,5,G,0,C,2.49376558603491,1,1
1519,33,walt,auditory,93,6,6,1,A,1,X,0,0,0
1519,33,walt,auditory,93,6,6,2,D,1,A,2.49376558603491,1,1
1519,33,walt,auditory,93,6,6,3,C,1,D,0,0,0
1519,33,walt,auditory,93,6,6,4,F,1,C,2.49376558603491,1,1
1519,33,walt,auditory,93,6,6,5,C,1,F,0,0,0
1519,33,walt,auditory,94,16,5,1,A,1,X,0,0,0
1519,33,walt,auditory,94,16,5,2,D,1,A,0,0,0
1519,33,walt,auditory,94,16,5,3,C,1,D,2.49376558603491,1,1
1519,33,walt,auditory,94,16,5,4,G,1,C,0,0,0
1519,33,walt,auditory,94,16,5,5,C,1,G,0,0,0
1519,33,walt,auditory,95,8,6,1,A,1,X,2.49376558603491,1,0
1519,33,walt,auditory,95,8,6,2,D,1,A,0,0,-1
1519,33,walt,auditory,95,8,6,3,C,1,D,0,0,-1
1519,33,walt,auditory,95,8,6,4,G,1,C,0,0,-1
1519,33,walt,auditory,95,8,6,5,F,1,G,0,0,-1
1519,33,walt,auditory,96,11,6,1,A,0,X,2.49376558603491,1,0
1519,33,walt,auditory,96,11,6,2,G,0,A,0,0,-1
1519,33,walt,auditory,96,11,6,3,C,0,G,3.12938874474849,2,1
1519,33,walt,auditory,96,11,6,4,F,0,C,0,0,-1
1519,33,walt,auditory,96,11,6,5,C,0,F,0,0,-1
1519,33,walt,auditory,97,15,6,1,A,0,X,2.49376558603491,1,0
1519,33,walt,auditory,97,15,6,2,C,0,A,0,0,-1
1519,33,walt,auditory,97,15,6,3,F,0,C,4.27375733788426,2,1
1519,33,walt,auditory,97,15,6,4,C,0,F,0,0,-1
1519,33,walt,auditory,97,15,6,5,F,0,C,2.49376558603491,1,0
1519,33,walt,auditory,98,4,7,1,A,0,X,2.49376558603491,1,0
1519,33,walt,auditory,98,4,7,2,D,0,A,7.48129675810474,3,2
1519,33,walt,auditory,98,4,7,3,C,0,D,15.4890533511266,6,5
1519,33,walt,auditory,98,4,7,4,G,0,C,2.49376558603491,2,1
1519,33,walt,auditory,98,4,7,5,F,0,G,2.49376558603491,1,0
1519,33,walt,auditory,99,2,7,1,A,0,X,2.49376558603491,1,0
1519,33,walt,auditory,99,2,7,2,D,0,A,2.49376558603491,1,0
1519,33,walt,auditory,99,2,7,3,C,0,D,0,0,-1
1519,33,walt,auditory,99,2,7,4,F,0,C,0,0,-1
1519,33,walt,auditory,99,2,7,5,C,0,F,2.49376558603491,1,0
1519,33,walt,auditory,100,7,7,1,A,0,X,7.48129675810474,3,0
1519,33,walt,auditory,100,7,7,2,C,0,A,2.49376558603491,1,-2
1519,33,walt,auditory,100,7,7,3,G,0,C,14.5142247498304,8,5
1519,33,walt,auditory,100,7,7,4,F,0,G,3.59820285123692,2,-1
1519,33,walt,auditory,100,7,7,5,C,0,F,9.97506234413965,4,1
1519,33,walt,auditory,101,6,7,1,A,0,X,4.98753117206983,2,0
1519,33,walt,auditory,101,6,7,2,D,0,A,2.49376558603491,1,-1
1519,33,walt,auditory,101,6,7,3,C,0,D,4.98753117206982,2,0
1519,33,walt,auditory,101,6,7,4,F,0,C,8.59405393493712,3,1
1519,33,walt,auditory,101,6,7,5,C,0,F,2.49376558603491,1,-1
1519,33,walt,auditory,102,10,6,1,A,0,X,9.97506234413965,4,0
1519,33,walt,auditory,102,10,6,2,C,0,A,9.97506234413965,4,0
1519,33,walt,auditory,102,10,6,3,D,0,C,12.1303725734743,5,1
1519,33,walt,auditory,102,10,6,4,F,0,D,2.49376558603491,1,-3
1519,33,walt,auditory,102,10,6,5,C,0,F,12.0031974057293,4,0
1519,33,walt,auditory,103,9,7,1,A,0,X,3.47824535675006,1,0
1519,33,walt,auditory,103,9,7,2,G,0,A,2.49376558603491,1,0
1519,33,walt,auditory,103,9,7,3,F,0,G,2.49376558603491,1,0
1519,33,walt,auditory,103,9,7,4,C,0,F,4.98753117206982,2,1
1519,33,walt,auditory,103,9,7,5,D,0,C,0,0,-1
1519,33,walt,auditory,104,5,7,1,A,0,X,0,0,0
1519,33,walt,auditory,104,5,7,2,C,0,A,2.49376558603491,1,1
1519,33,walt,auditory,104,5,7,3,F,0,C,0,0,0
1519,33,walt,auditory,104,5,7,4,C,0,F,0,0,0
1519,33,walt,auditory,104,5,7,5,G,0,C,0,0,0
1519,33,walt,auditory,105,11,7,1,A,0,X,0,0,0
1519,33,walt,auditory,105,11,7,2,G,0,A,2.49376558603491,1,1
1519,33,walt,auditory,105,11,7,3,C,0,G,8.46577652881988,3,3
1519,33,walt,auditory,105,11,7,4,F,0,C,2.92479532030377,1,1
1519,33,walt,auditory,105,11,7,5,C,0,F,2.49376558603491,1,1
1519,33,walt,auditory,106,16,6,1,A,1,X,0,0,0
1519,33,walt,auditory,106,16,6,2,D,1,A,2.49376558603491,1,1
1519,33,walt,auditory,106,16,6,3,C,1,D,0,0,0
1519,33,walt,auditory,106,16,6,4,G,1,C,4.74554893243306,1,1
1519,33,walt,auditory,106,16,6,5,C,1,G,0,0,0
1519,33,walt,auditory,107,3,7,1,A,0,X,0,0,0
1519,33,walt,auditory,107,3,7,2,C,0,A,0,0,0
1519,33,walt,auditory,107,3,7,3,G,0,C,2.49376558603491,1,1
1519,33,walt,auditory,107,3,7,4,F,0,G,2.49376558603491,1,1
1519,33,walt,auditory,107,3,7,5,C,0,F,7.48129675810474,3,3
1519,33,walt,auditory,108,14,7,1,A,1,X,0,0,0
1519,33,walt,auditory,108,14,7,2,D,1,A,0,0,0
1519,33,walt,auditory,108,14,7,3,G,1,D,2.49376558603491,1,1
1519,33,walt,auditory,108,14,7,4,F,1,G,0,0,0
1519,33,walt,auditory,108,14,7,5,C,1,F,0,0,0
1519,33,walt,auditory,109,13,7,1,A,1,X,4.98753117206983,2,0
1519,33,walt,auditory,109,13,7,2,D,1,A,0.746380271996048,0,-2
1519,33,walt,auditory,109,13,7,3,F,1,D,4.98753117206983,2,0
1519,33,walt,auditory,109,13,7,4,C,1,F,0,0,-2
1519,33,walt,auditory,109,13,7,5,G,1,C,2.49376558603491,1,-1
1519,33,walt,auditory,110,12,7,1,A,0,X,0,0,0
1519,33,walt,auditory,110,12,7,2,F,0,A,9.97506234413965,4,4
1519,33,walt,auditory,110,12,7,3,C,0,F,0,0,0
1519,33,walt,auditory,110,12,7,4,G,0,C,0,0,0
1519,33,walt,auditory,110,12,7,5,C,0,G,0,0,0
1519,33,walt,auditory,111,1,10,1,A,0,X,0,0,0
1519,33,walt,auditory,111,1,10,2,C,0,A,0,0,0
1519,33,walt,auditory,111,1,10,3,F,0,C,0,0,0
1519,33,walt,auditory,111,1,10,4,C,0,F,1.74738531403886,1,1
1519,33,walt,auditory,111,1,10,5,G,0,C,12.4688279301746,5,5
1519,33,walt,auditory,112,8,7,1,A,0,X,1.24616460028031,1,0
1519,33,walt,auditory,112,8,7,2,D,0,A,2.49376558603491,1,0
1519,33,walt,auditory,112,8,7,3,C,0,D,12.4688279301746,5,4
1519,33,walt,auditory,112,8,7,4,G,0,C,0,0,-1
1519,33,walt,auditory,112,8,7,5,F,0,G,2.49376558603491,1,0
1519,33,walt,auditory,113,2,8,1,A,0,X,2.49376558603491,1,0
1519,33,walt,auditory,113,2,8,2,D,0,A,7.48129675810474,3,2
1519,33,walt,auditory,113,2,8,3,C,0,D,2.49376558603491,0,-1
1519,33,walt,auditory,113,2,8,4,F,0,C,2.49376558603491,1,0
1519,33,walt,auditory,113,2,8,5,C,0,F,4.015569859299,2,1
1519,33,walt,auditory,114,1,11,1,A,0,X,0,0,0
1519,33,walt,auditory,114,1,11,2,C,0,A,0,0,0
1519,33,walt,auditory,114,1,11,3,F,0,C,2.49376558603491,1,1
1519,33,walt,auditory,114,1,11,4,C,0,F,2.49376558603491,1,1
1519,33,walt,auditory,114,1,11,5,G,0,C,3.35622061160015,1,1
1519,33,walt,auditory,115,13,8,1,A,0,X,0,0,0
1519,33,walt,auditory,115,13,8,2,D,0,A,9.97506234413965,4,4
1519,33,walt,auditory,115,13,8,3,F,0,D,0,0,0
1519,33,walt,auditory,115,13,8,4,C,0,F,4.98753117206983,2,2
1519,33,walt,auditory,115,13,8,5,G,0,C,4.98753117206982,2,2
1519,33,walt,auditory,116,5,8,1,A,1,X,0,0,0
1519,33,walt,auditory,116,5,8,2,C,1,A,2.49376558603491,1,1
1519,33,walt,auditory,116,5,8,3,F,1,C,0,0,0
1519,33,walt,auditory,116,5,8,4,C,1,F,7.48129675810474,3,3
1519,33,walt,auditory,116,5,8,5,G,1,C,2.49376558603491,1,1
1519,33,walt,auditory,117,12,8,1,A,1,X,2.49376558603491,1,0
1519,33,walt,auditory,117,12,8,2,F,1,A,0,0,-1
1519,33,walt,auditory,117,12,8,3,C,1,F,0,0,-1
1519,33,walt,auditory,117,12,8,4,G,1,C,4.98753117206983,2,1
1519,33,walt,auditory,117,12,8,5,C,1,G,0,0,-1
1519,33,walt,auditory,118,10,7,1,A,1,X,7.48129675810474,3,0
1519,33,walt,auditory,118,10,7,2,C,1,A,0,0,-3
1519,33,walt,auditory,118,10,7,3,D,1,C,7.48129675810474,3,0
1519,33,walt,auditory,118,10,7,4,F,1,D,2.49376558603491,1,-2
1519,33,walt,auditory,118,10,7,5,C,1,F,2.49376558603491,1,-2
1519,33,walt,auditory,119,15,7,1,A,0,X,2.49376558603491,1,0
1519,33,walt,auditory,119,15,7,2,C,0,A,7.48129675810474,3,2
1519,33,walt,auditory,119,15,7,3,F,0,C,0,0,-1
1519,33,walt,auditory,119,15,7,4,C,0,F,0,0,-1
1519,33,walt,auditory,119,15,7,5,F,0,C,0,0,-1
1519,33,walt,auditory,120,4,8,1,A,0,X,0,0,0
1519,33,walt,auditory,120,4,8,2,D,0,A,0,0,0
1519,33,walt,auditory,120,4,8,3,C,0,D,2.49376558603491,1,1
1519,33,walt,auditory,120,4,8,4,G,0,C,0,0,0
1519,33,walt,auditory,120,4,8,5,F,0,G,0,0,0
1519,33,walt,auditory,121,16,7,1,A,1,X,0,0,0
1519,33,walt,auditory,121,16,7,2,D,1,A,0,0,0
1519,33,walt,auditory,121,16,7,3,C,1,D,0,0,0
1519,33,walt,auditory,121,16,7,4,G,1,C,4.98753117206982,2,2
1519,33,walt,auditory,121,16,7,5,C,1,G,7.48129675810474,3,3
1519,33,walt,auditory,122,14,8,1,A,0,X,2.49376558603491,1,0
1519,33,walt,auditory,122,14,8,2,D,0,A,0,0,-1
1519,33,walt,auditory,122,14,8,3,G,0,D,0,0,-1
1519,33,walt,auditory,122,14,8,4,F,0,G,0,0,-1
1519,33,walt,auditory,122,14,8,5,C,0,F,0,0,-1
1519,33,walt,auditory,123,3,8,1,A,1,X,0,0,0
1519,33,walt,auditory,123,3,8,2,C,1,A,7.48129675810474,3,3
1519,33,walt,auditory,123,3,8,3,G,1,C,4.98753117206983,2,2
1519,33,walt,auditory,123,3,8,4,F,1,G,2.49376558603491,1,1
1519,33,walt,auditory,123,3,8,5,C,1,F,0,0,0
1519,33,walt,auditory,124,11,8,1,A,1,X,0,0,0
1519,33,walt,auditory,124,11,8,2,G,1,A,2.49376558603491,1,1
1519,33,walt,auditory,124,11,8,3,C,1,G,4.98753117206983,2,2
1519,33,walt,auditory,124,11,8,4,F,1,C,0,0,0
1519,33,walt,auditory,124,11,8,5,C,1,F,0,0,0
1519,33,walt,auditory,125,8,8,1,A,0,X,0,0,0
1519,33,walt,auditory,125,8,8,2,D,0,A,2.49376558603491,1,1
1519,33,walt,auditory,125,8,8,3,C,0,D,0,0,0
1519,33,walt,auditory,125,8,8,4,G,0,C,2.49376558603491,1,1
1519,33,walt,auditory,125,8,8,5,F,0,G,0,0,0
1519,33,walt,auditory,126,9,8,1,A,1,X,0,0,0
1519,33,walt,auditory,126,9,8,2,G,1,A,0,0,0
1519,33,walt,auditory,126,9,8,3,F,1,G,0,0,0
1519,33,walt,auditory,126,9,8,4,C,1,F,0,0,0
1519,33,walt,auditory,126,9,8,5,D,1,C,0,0,0
1519,33,walt,auditory,127,6,8,1,A,1,X,4.98753117206983,2,0
1519,33,walt,auditory,127,6,8,2,D,1,A,0,0,-2
1519,33,walt,auditory,127,6,8,3,C,1,D,7.48129675810474,3,1
1519,33,walt,auditory,127,6,8,4,F,1,C,4.98753117206983,2,0
1519,33,walt,auditory,127,6,8,5,C,1,F,0,0,-2
1519,33,walt,auditory,128,7,8,1,A,1,X,0,0,0
1519,33,walt,auditory,128,7,8,2,C,1,A,0,0,0
1519,33,walt,auditory,128,7,8,3,G,1,C,0,0,0
1519,33,walt,auditory,128,7,8,4,F,1,G,0,0,0
1519,33,walt,auditory,128,7,8,5,C,1,F,0,0,0
1519,33,walt,auditory,129,7,9,1,A,0,X,2.49376558603491,1,0
1519,33,walt,auditory,129,7,9,2,C,0,A,2.49376558603491,1,0
1519,33,walt,auditory,129,7,9,3,G,0,C,2.49376558603491,1,0
1519,33,walt,auditory,129,7,9,4,F,0,G,0,0,-1
1519,33,walt,auditory,129,7,9,5,C,0,F,0,0,-1
1519,33,walt,auditory,130,3,9,1,A,0,X,2.49376558603491,1,0
1519,33,walt,auditory,130,3,9,2,C,0,A,0,0,-1
1519,33,walt,auditory,130,3,9,3,G,0,C,0,0,-1
1519,33,walt,auditory,130,3,9,4,F,0,G,1.17741000626491,0,-1
1519,33,walt,auditory,130,3,9,5,C,0,F,4.98753117206983,2,1
1519,33,walt,auditory,131,12,9,1,A,0,X,2.49376558603491,1,0
1519,33,walt,auditory,131,12,9,2,F,0,A,2.49376558603491,1,0
1519,33,walt,auditory,131,12,9,3,C,0,F,2.49376558603491,1,0
1519,33,walt,auditory,131,12,9,4,G,0,C,0,0,-1
1519,33,walt,auditory,131,12,9,5,C,0,G,7.48129675810474,3,2
1519,33,walt,auditory,132,14,9,1,A,0,X,2.49376558603491,1,0
1519,33,walt,auditory,132,14,9,2,D,0,A,2.49376558603491,1,0
1519,33,walt,auditory,132,14,9,3,G,0,D,9.97506234413965,4,3
1519,33,walt,auditory,132,14,9,4,F,0,G,0,0,-1
1519,33,walt,auditory,132,14,9,5,C,0,F,2.49376558603491,1,0
1519,33,walt,auditory,133,6,9,1,A,1,X,0,0,0
1519,33,walt,auditory,133,6,9,2,D,1,A,2.49376558603491,1,1
1519,33,walt,auditory,133,6,9,3,C,1,D,0,0,0
1519,33,walt,auditory,133,6,9,4,F,1,C,1.10443726520201,1,1
1519,33,walt,auditory,133,6,9,5,C,1,F,2.49376558603491,1,1
1519,33,walt,auditory,134,16,8,1,A,1,X,2.49376558603491,1,0
1519,33,walt,auditory,134,16,8,2,D,1,A,0,0,-1
1519,33,walt,auditory,134,16,8,3,C,1,D,0,0,-1
1519,33,walt,auditory,134,16,8,4,G,1,C,2.49376558603491,1,0
1519,33,walt,auditory,134,16,8,5,C,1,G,0,0,-1
1519,33,walt,auditory,135,1,12,1,A,0,X,2.49376558603491,1,0
1519,33,walt,auditory,135,1,12,2,C,0,A,9.97506234413965,4,3
1519,33,walt,auditory,135,1,12,3,F,0,C,0,0,-1
1519,33,walt,auditory,135,1,12,4,C,0,F,0,0,-1
1519,33,walt,auditory,135,1,12,5,G,0,C,0,0,-1
1519,33,walt,auditory,136,2,9,1,A,0,X,0,0,0
1519,33,walt,auditory,136,2,9,2,D,0,A,0,0,0
1519,33,walt,auditory,136,2,9,3,C,0,D,1.61604397207288,0,0
1519,33,walt,auditory,136,2,9,4,F,0,C,2.49376558603491,1,1
1519,33,walt,auditory,136,2,9,5,C,0,F,2.49376558603491,1,1
1519,33,walt,auditory,137,10,8,1,A,0,X,4.98753117206983,2,0
1519,33,walt,auditory,137,10,8,2,C,0,A,2.49376558603491,1,-1
1519,33,walt,auditory,137,10,8,3,D,0,C,4.98753117206983,2,0
1519,33,walt,auditory,137,10,8,4,F,0,D,2.49376558603491,0,-2
1519,33,walt,auditory,137,10,8,5,C,0,F,7.48129675810474,3,1
1519,33,walt,auditory,138,13,9,1,A,0,X,0,0,0
1519,33,walt,auditory,138,13,9,2,D,0,A,0,0,0
1519,33,walt,auditory,138,13,9,3,F,0,D,0,0,0
1519,33,walt,auditory,138,13,9,4,C,0,F,0,0,0
1519,33,walt,auditory,138,13,9,5,G,0,C,0,0,0
1519,33,walt,auditory,139,1,13,1,A,0,X,NaN,NaN,NaN
1519,33,walt,auditory,139,1,13,2,C,0,A,NaN,NaN,NaN
1519,33,walt,auditory,139,1,13,3,F,0,C,NaN,NaN,NaN
1519,33,walt,auditory,139,1,13,4,C,0,F,NaN,NaN,NaN
1519,33,walt,auditory,139,1,13,5,G,0,C,NaN,NaN,NaN
1519,33,walt,auditory,140,9,9,1,A,1,X,0,0,0
1519,33,walt,auditory,140,9,9,2,G,1,A,2.49376558603491,1,1
1519,33,walt,auditory,140,9,9,3,F,1,G,0,0,0
1519,33,walt,auditory,140,9,9,4,C,1,F,0,0,0
1519,33,walt,auditory,140,9,9,5,D,1,C,2.49376558603491,1,1
1519,33,walt,auditory,141,8,9,1,A,1,X,2.20111426472159,0,0
1519,33,walt,auditory,141,8,9,2,D,1,A,0,0,0
1519,33,walt,auditory,141,8,9,3,C,1,D,0,0,0
1519,33,walt,auditory,141,8,9,4,G,1,C,0,0,0
1519,33,walt,auditory,141,8,9,5,F,1,G,0,0,0
1519,33,walt,auditory,142,4,9,1,A,1,X,2.49376558603491,1,0
1519,33,walt,auditory,142,4,9,2,D,1,A,4.98753117206983,3,2
1519,33,walt,auditory,142,4,9,3,C,1,D,12.3416527624296,4,3
1519,33,walt,auditory,142,4,9,4,G,1,C,0,0,-1
1519,33,walt,auditory,142,4,9,5,F,1,G,0,0,-1
1519,33,walt,auditory,143,15,8,1,A,0,X,0,0,0
1519,33,walt,auditory,143,15,8,2,C,0,A,0,0,0
1519,33,walt,auditory,143,15,8,3,F,0,C,0,0,0
1519,33,walt,auditory,143,15,8,4,C,0,F,0,0,0
1519,33,walt,auditory,143,15,8,5,F,0,C,0,0,0
1519,33,walt,auditory,144,5,9,1,A,1,X,0,0,0
1519,33,walt,auditory,144,5,9,2,C,1,A,0,0,0
1519,33,walt,auditory,144,5,9,3,F,1,C,0,0,0
1519,33,walt,auditory,144,5,9,4,C,1,F,2.49376558603491,1,1
1519,33,walt,auditory,144,5,9,5,G,1,C,2.49376558603491,1,1
1519,33,walt,auditory,145,13,10,1,A,0,X,0,0,0
1519,33,walt,auditory,145,13,10,2,D,0,A,2.49376558603491,1,1
1519,33,walt,auditory,145,13,10,3,F,0,D,0,0,0
1519,33,walt,auditory,145,13,10,4,C,0,F,2.49376558603491,1,1
1519,33,walt,auditory,145,13,10,5,G,0,C,2.49376558603491,1,1
1519,33,walt,auditory,146,1,14,1,A,0,X,2.49376558603491,1,0
1519,33,walt,auditory,146,1,14,2,C,0,A,0,0,-1
1519,33,walt,auditory,146,1,14,3,F,0,C,0,0,-1
1519,33,walt,auditory,146,1,14,4,C,0,F,0,0,-1
1519,33,walt,auditory,146,1,14,5,G,0,C,0,0,-1
1519,33,walt,auditory,147,5,10,1,A,0,X,2.49376558603491,1,0
1519,33,walt,auditory,147,5,10,2,C,0,A,2.49376558603491,1,0
1519,33,walt,auditory,147,5,10,3,F,0,C,0,0,-1
1519,33,walt,auditory,147,5,10,4,C,0,F,0,0,-1
1519,33,walt,auditory,147,5,10,5,G,0,C,0,0,-1
1519,33,walt,auditory,148,12,10,1,A,0,X,2.49376558603491,1,0
1519,33,walt,auditory,148,12,10,2,F,0,A,0,0,-1
1519,33,walt,auditory,148,12,10,3,C,0,F,2.49376558603491,1,0
1519,33,walt,auditory,148,12,10,4,G,0,C,4.98753117206983,2,1
1519,33,walt,auditory,148,12,10,5,C,0,G,0,0,-1
1519,33,walt,auditory,149,16,9,1,A,0,X,0,0,0
1519,33,walt,auditory,149,16,9,2,D,0,A,2.35538717307937,2,2
1519,33,walt,auditory,149,16,9,3,C,0,D,0,0,0
1519,33,walt,auditory,149,16,9,4,G,0,C,0,0,0
1519,33,walt,auditory,149,16,9,5,C,0,G,0,0,0
1519,33,walt,auditory,150,6,10,1,A,0,X,2.49376558603491,1,0
1519,33,walt,auditory,150,6,10,2,D,0,A,0,0,-1
1519,33,walt,auditory,150,6,10,3,C,0,D,2.49376558603491,1,0
1519,33,walt,auditory,150,6,10,4,F,0,C,4.98753117206983,2,1
1519,33,walt,auditory,150,6,10,5,C,0,F,0,0,-1
1519,33,walt,auditory,151,4,10,1,A,0,X,2.49376558603491,1,0
1519,33,walt,auditory,151,4,10,2,D,0,A,2.49376558603491,1,0
1519,33,walt,auditory,151,4,10,3,C,0,D,4.98753117206983,2,1
1519,33,walt,auditory,151,4,10,4,G,0,C,7.48129675810474,3,2
1519,33,walt,auditory,151,4,10,5,F,0,G,0,0,-1
1519,33,walt,auditory,152,10,9,1,A,0,X,0,0,0
1519,33,walt,auditory,152,10,9,2,C,0,A,0,0,0
1519,33,walt,auditory,152,10,9,3,D,0,C,0,0,0
1519,33,walt,auditory,152,10,9,4,F,0,D,2.49376558603491,1,1
1519,33,walt,auditory,152,10,9,5,C,0,F,0,0,0
1519,33,walt,auditory,153,2,10,1,A,1,X,0,0,0
1519,33,walt,auditory,153,2,10,2,D,1,A,0,0,0
1519,33,walt,auditory,153,2,10,3,C,1,D,0,0,0
1519,33,walt,auditory,153,2,10,4,F,1,C,0.0778077120628084,0,0
1519,33,walt,auditory,153,2,10,5,C,1,F,0,0,0
1519,33,walt,auditory,154,8,10,1,A,1,X,2.49376558603491,1,0
1519,33,walt,auditory,154,8,10,2,D,1,A,0,0,-1
1519,33,walt,auditory,154,8,10,3,C,1,D,2.49376558603491,1,0
1519,33,walt,auditory,154,8,10,4,G,1,C,2.49376558603491,1,0
1519,33,walt,auditory,154,8,10,5,F,1,G,0,0,-1
1519,33,walt,auditory,155,15,9,1,A,1,X,2.49376558603491,1,0
1519,33,walt,auditory,155,15,9,2,C,1,A,0,0,-1
1519,33,walt,auditory,155,15,9,3,F,1,C,2.49376558603491,1,0
1519,33,walt,auditory,155,15,9,4,C,1,F,0,0,-1
1519,33,walt,auditory,155,15,9,5,F,1,C,0,0,-1
1519,33,walt,auditory,156,9,10,1,A,1,X,0,0,0
1519,33,walt,auditory,156,9,10,2,G,1,A,2.49376558603491,1,1
1519,33,walt,auditory,156,9,10,3,F,1,G,2.49376558603491,1,1
1519,33,walt,auditory,156,9,10,4,C,1,F,0,0,0
1519,33,walt,auditory,156,9,10,5,D,1,C,0,0,0
1519,33,walt,auditory,157,14,10,1,A,1,X,0,0,0
1519,33,walt,auditory,157,14,10,2,D,1,A,2.49376558603491,1,1
1519,33,walt,auditory,157,14,10,3,G,1,D,2.49376558603491,1,1
1519,33,walt,auditory,157,14,10,4,F,1,G,0,0,0
1519,33,walt,auditory,157,14,10,5,C,1,F,0,0,0
1519,33,walt,auditory,158,11,9,1,A,1,X,0,0,0
1519,33,walt,auditory,158,11,9,2,G,1,A,0,0,0
1519,33,walt,auditory,158,11,9,3,C,1,G,0,0,0
1519,33,walt,auditory,158,11,9,4,F,1,C,0,0,0
1519,33,walt,auditory,158,11,9,5,C,1,F,0,0,0
1519,33,walt,auditory,159,3,10,1,A,1,X,1.85779946391215,1,0
1519,33,walt,auditory,159,3,10,2,C,1,A,2.49376558603491,1,0
1519,33,walt,auditory,159,3,10,3,G,1,C,0,0,-1
1519,33,walt,auditory,159,3,10,4,F,1,G,0,0,-1
1519,33,walt,auditory,159,3,10,5,C,1,F,0,0,-1
1519,33,walt,auditory,160,7,10,1,A,1,X,0,0,0
1519,33,walt,auditory,160,7,10,2,C,1,A,0,0,0
1519,33,walt,auditory,160,7,10,3,G,1,C,0,0,0
1519,33,walt,auditory,160,7,10,4,F,1,G,2.49376558603491,1,1
1519,33,walt,auditory,160,7,10,5,C,1,F,0,0,0
